8.399999999999999689e-01
7.333333333333332815e-01
6.800000000000000488e-01
8.533333333333333881e-01
7.600000000000000089e-01
8.266666666666666607e-01
8.399999999999999689e-01
7.866666666666666252e-01
8.000000000000000444e-01
8.133333333333333526e-01
8.533333333333333881e-01
7.600000000000000089e-01
7.600000000000000089e-01
7.600000000000000089e-01
8.133333333333333526e-01
8.266666666666666607e-01
7.333333333333332815e-01
7.600000000000000089e-01
8.266666666666666607e-01
8.266666666666666607e-01
7.733333333333333171e-01
8.533333333333333881e-01
8.399999999999999689e-01
7.733333333333333171e-01
8.800000000000000044e-01
8.399999999999999689e-01
7.866666666666666252e-01
7.466666666666667007e-01
7.733333333333333171e-01
8.133333333333333526e-01
7.866666666666666252e-01
7.866666666666666252e-01
7.600000000000000089e-01
8.133333333333333526e-01
7.600000000000000089e-01
8.133333333333333526e-01
8.266666666666666607e-01
8.133333333333333526e-01
8.399999999999999689e-01
7.199999999999999734e-01
7.600000000000000089e-01
8.000000000000000444e-01
8.533333333333333881e-01
8.266666666666666607e-01
7.600000000000000089e-01
8.133333333333333526e-01
8.533333333333333881e-01
7.733333333333333171e-01
7.733333333333333171e-01
8.000000000000000444e-01
8.133333333333333526e-01
8.000000000000000444e-01
7.866666666666666252e-01
8.399999999999999689e-01
8.133333333333333526e-01
8.266666666666666607e-01
7.866666666666666252e-01
8.133333333333333526e-01
7.866666666666666252e-01
8.266666666666666607e-01
8.266666666666666607e-01
8.000000000000000444e-01
8.800000000000000044e-01
8.133333333333333526e-01
8.000000000000000444e-01
7.866666666666666252e-01
8.000000000000000444e-01
8.133333333333333526e-01
8.133333333333333526e-01
8.000000000000000444e-01
8.266666666666666607e-01
8.399999999999999689e-01
8.133333333333333526e-01
8.000000000000000444e-01
8.000000000000000444e-01
8.399999999999999689e-01
7.866666666666666252e-01
8.266666666666666607e-01
8.399999999999999689e-01
8.133333333333333526e-01
8.399999999999999689e-01
8.000000000000000444e-01
8.666666666666666963e-01
8.133333333333333526e-01
8.133333333333333526e-01
8.666666666666666963e-01
7.466666666666667007e-01
7.333333333333332815e-01
7.466666666666667007e-01
8.266666666666666607e-01
8.266666666666666607e-01
8.133333333333333526e-01
8.133333333333333526e-01
7.866666666666666252e-01
8.266666666666666607e-01
8.133333333333333526e-01
7.600000000000000089e-01
7.733333333333333171e-01
7.866666666666666252e-01
7.600000000000000089e-01
