9.333333333333333481e-01
9.200000000000000400e-01
9.866666666666666918e-01
8.933333333333333126e-01
9.466666666666666563e-01
9.466666666666666563e-01
9.599999999999999645e-01
9.466666666666666563e-01
9.466666666666666563e-01
9.733333333333333837e-01
9.733333333333333837e-01
9.599999999999999645e-01
9.866666666666666918e-01
9.599999999999999645e-01
9.599999999999999645e-01
9.333333333333333481e-01
9.333333333333333481e-01
9.866666666666666918e-01
9.466666666666666563e-01
9.200000000000000400e-01
9.466666666666666563e-01
9.599999999999999645e-01
9.466666666666666563e-01
9.599999999999999645e-01
9.466666666666666563e-01
9.599999999999999645e-01
9.333333333333333481e-01
9.200000000000000400e-01
9.599999999999999645e-01
9.466666666666666563e-01
9.066666666666666208e-01
9.599999999999999645e-01
9.333333333333333481e-01
9.333333333333333481e-01
9.466666666666666563e-01
9.466666666666666563e-01
9.333333333333333481e-01
9.599999999999999645e-01
9.599999999999999645e-01
9.466666666666666563e-01
9.466666666666666563e-01
9.066666666666666208e-01
9.200000000000000400e-01
8.533333333333333881e-01
9.466666666666666563e-01
9.466666666666666563e-01
9.466666666666666563e-01
9.066666666666666208e-01
9.866666666666666918e-01
9.599999999999999645e-01
9.599999999999999645e-01
9.333333333333333481e-01
9.866666666666666918e-01
9.333333333333333481e-01
9.866666666666666918e-01
9.599999999999999645e-01
9.066666666666666208e-01
9.599999999999999645e-01
9.333333333333333481e-01
9.066666666666666208e-01
9.333333333333333481e-01
9.599999999999999645e-01
9.066666666666666208e-01
9.466666666666666563e-01
9.333333333333333481e-01
9.466666666666666563e-01
9.599999999999999645e-01
9.466666666666666563e-01
9.466666666666666563e-01
9.333333333333333481e-01
9.733333333333333837e-01
9.200000000000000400e-01
9.466666666666666563e-01
9.466666666666666563e-01
9.466666666666666563e-01
9.866666666666666918e-01
9.333333333333333481e-01
9.599999999999999645e-01
9.466666666666666563e-01
9.599999999999999645e-01
9.733333333333333837e-01
9.466666666666666563e-01
9.333333333333333481e-01
9.466666666666666563e-01
9.599999999999999645e-01
9.466666666666666563e-01
9.466666666666666563e-01
9.466666666666666563e-01
9.333333333333333481e-01
9.466666666666666563e-01
9.333333333333333481e-01
9.466666666666666563e-01
9.866666666666666918e-01
9.333333333333333481e-01
9.466666666666666563e-01
9.200000000000000400e-01
9.866666666666666918e-01
9.200000000000000400e-01
9.733333333333333837e-01
9.333333333333333481e-01
